 	Mean1	Mean2	Mean3
1	1417.429	1285.742	1868.623
2	1319.457	1370.903	1714.264
3	1238.086	1354.935	1550.000
4	1164.000	1279.355	1404.906
5	1087.657	1317.258	1323.226
6	1233.057	1485.677	1322.151
7	1471.800	1872.677	1300.359
8	1704.829	1896.129	1355.698
9	2044.771	1799.774	1336.830
10	2132.829	1825.613	1294.641
11	1997.400	1851.742	1306.528
12	1918.257	1834.806	1320.302
13	1818.057	1935.903	1397.283
14	1687.200	1936.806	1407.359
15	1556.629	1827.419	1293.698
16	1702.000	1843.903	1302.472
17	2898.829	1766.032	1722.396
18	3234.257	1824.226	1826.679
19	2982.314	1721.581	1832.566
20	3545.171	1784.548	1700.811
21	3577.371	1847.484	1955.906
22	3675.400	1846.290	2022.943
23	3585.428	1805.613	2019.811
24	3602.857	1862.677	2079.830
25	3501.029	1940.484	2184.830
26	3440.057	1753.323	2112.226
27	3380.686	1644.000	2043.491
28	3373.029	1542.645	1984.057
29	3189.086	1452.484	1923.906
30	3119.486	1376.677	1841.415
31	3085.743	1346.742	1790.981
32	3362.486	1884.000	1911.906
33	3557.257	2145.548	1817.434
34	3473.371	1994.419	1658.830
35	3326.057	1822.548	1530.113
36	3142.000	1590.516	1431.226
37	2886.286	1440.613	1306.755
38	2645.686	1316.258	1258.906
39	2346.257	1231.355	1189.887
40	2107.943	1154.097	1144.415
41	1973.000	1122.194	1128.132
42	1912.257	1267.129	1166.113
43	1821.371	1297.000	1142.641
44	1755.486	1325.387	1173.038
45	1668.600	1223.129	1166.736
46	1488.200	1162.032	1213.887
47	2126.600	1427.935	1631.057
48	2978.743	1675.065	2135.698
49	3260.286	1606.903	2062.151
50	3022.829	1446.323	1828.792
51	2822.857	1285.161	1696.151
52	2664.029	1211.645	1553.623
53	2527.486	1199.871	1537.906
54	2439.486	1224.839	1531.038
55	2338.486	1145.484	1480.774
56	2121.829	1103.871	1386.094
57	1938.886	1165.516	1330.075
58	1785.743	1117.129	1287.849
59	1757.029	1094.710	1259.038
60	1645.571	1053.032	1240.698
61	2042.029	1097.710	1317.509
62	2403.343	1716.258	1376.208
63	2769.686	2506.903	1413.245
64	2792.686	2688.936	1329.302
65	2723.686	2725.387	1290.679
66	2581.971	2546.064	1266.717
67	2344.572	2367.613	1215.981
68	2144.171	2393.290	1157.717
69	1991.771	2473.548	1165.340
70	1763.429	2353.774	1135.321
71	1580.371	2126.903	1092.245
72	1490.086	2006.742	1162.472
73	1427.229	1811.839	1234.170
74	1263.686	1684.323	1178.623
75	1160.171	1609.355	1176.321
76	1102.143	1714.065	1141.359
77	1374.171	1862.097	1337.208
78	1981.800	2362.548	1794.509
79	1950.114	2370.806	1722.208
80	2136.629	2309.484	1792.906
81	2303.114	2135.387	1831.491
82	2398.800	2179.129	1826.453
83	2340.857	2070.871	1933.509
84	2418.914	2066.581	1999.906
85	2272.286	1996.774	2125.038
86	2255.600	1897.065	2110.132
87	2356.771	1986.129	2282.264
88	2390.000	1888.032	2175.962
89	2382.143	1878.258	2589.660
90	2200.971	1765.194	2673.528
91	2078.514	1797.194	2728.415
92	2080.286	2027.903	2591.679
93	2633.114	2958.194	2494.151
94	2558.029	2883.710	2269.208
95	2277.400	2725.839	2082.660
96	2011.771	2495.226	1854.774
97	1785.229	2302.484	1657.528
98	1631.086	2049.323	1529.321
99	1445.343	1989.677	1436.094
100	1310.114	1823.065	1365.604
101	1221.829	1678.935	1277.792
102	1108.657	1528.677	1206.679
103	1023.314	1428.065	1161.604
104	966.143	1323.774	1126.396
105	929.371	1263.774	1076.679
106	926.314	1158.645	1073.453
107	943.543	1140.129	1087.830
108	1158.057	1434.129	1289.038
109	1206.629	1891.323	1354.962
110	1145.914	2041.968	1387.755
111	1072.714	2095.839	1383.717
112	1075.086	1998.032	1433.208
113	1051.200	2105.194	1436.453
114	1087.629	1957.742	1429.679
115	1011.743	1914.355	1348.925
116	1020.029	2303.258	1318.170
117	961.714	2715.129	1447.679
118	988.229	2612.419	1402.377
119	977.171	2419.097	1546.189
120	960.943	2282.613	1478.811
121	995.114	2424.742	1456.057
122	1015.629	2597.161	1421.321
123	1346.857	3249.548	1533.340
124	1305.886	3238.516	1439.660
125	1190.343	3039.516	1307.302
126	1132.571	2891.355	1256.170
127	1002.971	2520.903	1172.925
128	919.114	2365.936	1091.094
129	856.057	2199.097	1125.811
130	833.314	2022.065	1129.208
131	845.743	1909.226	1166.906
132	825.200	1755.194	1164.057
133	817.886	1608.097	1096.830
134	795.457	1464.613	1083.906
135	805.571	1344.871	1071.415
136	785.257	1237.871	1056.736
137	801.943	1214.323	1051.755
138	995.057	1401.548	1225.472
139	1428.543	2185.258	1694.264
140	1380.857	2468.839	1692.170
141	1252.886	2390.677	1613.528
142	1151.400	2226.129	1505.736
143	1157.343	2300.000	1544.189
144	1164.486	2291.064	1523.981
145	1086.171	2185.903	1429.585
146	1075.314	2185.742	1373.359
147	1080.800	2446.194	1323.321
148	1000.829	2349.323	1255.075
149	1019.514	2385.903	1392.906
150	1068.686	2506.226	1508.208
151	1079.457	2907.613	1656.226
152	1104.743	3091.613	1630.264
153	1250.000	3345.452	1615.585
154	1490.057	3310.419	1488.566
155	1308.971	3072.323	1339.641
156	1163.143	2895.064	1223.000
157	1157.229	2757.839	1157.057
158	1188.829	2610.871	1139.075
159	1224.714	2460.839	1103.887
160	1251.543	2232.161	1098.377
161	1175.657	2131.129	1077.377
162	1063.029	1936.323	1024.849
163	1028.200	1756.355	1015.566
164	1004.800	1573.677	986.132
165	935.457	1443.645	1000.660
166	889.571	1542.129	987.736
167	906.514	1474.645	1045.415
168	1302.600	1451.806	1093.113
169	1840.571	1639.323	1284.359
170	1889.971	1544.290	1305.660
171	1631.229	1472.935	1241.547
172	1724.914	1340.452	1227.075
173	1598.429	1286.710	1253.774
174	1628.314	1163.935	1211.453
175	1533.571	1191.581	1155.585
176	1410.600	1220.871	1142.226
177	1324.171	1218.968	1122.566
178	1296.343	1210.903	1115.811
179	1190.114	1171.968	1066.830
180	1326.171	1234.323	1135.679
181	1662.486	1546.968	1239.887
182	1684.971	1496.129	1228.585
183	1746.543	1676.710	1267.038
184	1905.714	2425.290	1321.660
185	1849.257	2444.903	1229.170
186	1653.886	2219.710	1169.660
187	1603.457	2004.129	1140.000
188	1459.914	1772.581	1079.283
189	1283.314	1687.161	1034.132
190	1140.629	1538.581	1012.226
191	1083.629	1458.452	1017.283
192	1075.457	1345.613	990.377
193	1045.343	1295.387	995.698
194	994.886	1215.065	1040.359
195	1002.771	1204.613	1076.189
196	962.114	1154.000	1102.830
197	880.857	1052.452	1068.283
198	1154.771	1042.355	1066.208
199	2211.514	1084.194	1169.302
200	2492.428	1072.323	1177.359
201	2398.771	1070.677	1140.943
202	2360.971	1031.161	1146.660
203	2450.486	985.355	1123.359
204	2538.371	970.258	1098.283
205	2496.086	977.290	1117.717
206	2517.057	1009.935	1139.906
207	2549.143	1006.516	1167.566
208	2539.171	1052.097	1190.113
209	2452.371	1020.323	1177.830
210	2270.886	1016.806	1188.981
211	2717.543	1138.387	1319.302
212	3378.114	1337.323	1420.717
213	3486.457	1332.742	1517.226
214	3445.686	1675.194	1595.736
215	3030.829	1946.742	1648.151
216	3439.286	2115.677	1495.943
217	3380.572	2090.548	1411.094
218	3316.886	1910.742	1407.528
219	3201.657	1749.323	1514.359
220	3089.314	1757.419	1574.925
221	2944.343	1761.290	1568.774
222	3026.714	1712.387	1550.962
223	2754.629	1624.194	1540.491
224	2634.657	1491.677	1470.302
225	2398.686	1414.419	1406.038
226	2095.943	1290.710	1318.453
227	1796.943	1177.387	1307.509
228	1600.571	1110.806	1260.717
229	1682.171	1187.806	1367.453
230	1780.286	1288.484	1552.094
231	1671.886	1281.290	1602.226
232	1568.600	1255.677	1603.641
233	1427.829	1196.516	1611.641
234	1451.886	1198.161	1604.415
235	1481.029	1271.742	1664.981
236	1426.229	1252.129	1673.585
237	1508.057	1312.710	1708.509
238	1472.743	1344.677	1740.151
239	1440.943	1350.935	1720.981
240	1362.029	1316.355	1802.132
241	1316.657	1265.806	1814.774
242	1197.771	1225.742	1706.057
243	1111.800	1124.161	1593.717
244	1033.743	1125.032	1472.660
245	986.714	1004.226	1390.698
246	905.686	958.258	1292.641
247	850.057	880.290	1178.377
248	830.400	871.935	1131.415
249	813.429	853.516	1095.321
250	783.143	852.161	1075.528
251	774.000	819.032	1062.566
252	746.114	836.355	1070.811
253	772.743	859.387	1041.868
254	749.486	822.742	1070.679
255	759.857	838.097	1066.453
256	755.429	844.129	1067.943
257	770.514	820.806	1051.000
258	784.057	813.419	1054.962
259	913.029	924.387	1166.208
260	1221.743	1272.032	1386.019
261	1443.914	1561.129	1419.792
262	1348.514	1577.129	1427.566
263	1276.571	1634.355	1389.170
264	1124.800	1495.839	1282.509
265	1033.543	1351.355	1204.283
266	981.543	1209.516	1161.547
267	936.743	1171.677	1159.094
268	944.686	1229.613	1152.981
269	949.000	1334.226	1142.868
270	998.400	1302.645	1142.113
271	1001.771	1255.645	1145.415
272	956.429	1157.613	1144.679
273	943.371	1255.871	1139.509
274	1056.743	1298.032	1154.547
275	1298.457	1390.516	1228.453
276	1357.114	1335.194	1187.679
277	1209.171	1221.323	1129.604
278	1108.514	1110.226	1082.755
279	1001.486	1033.516	1047.528
280	932.486	1012.839	1036.264
281	870.743	969.032	1031.679
282	845.800	956.323	1012.547
283	852.314	933.194	1017.566
284	804.629	913.581	1027.396
285	826.543	896.903	1015.924
286	781.343	893.484	1015.830
287	770.600	868.355	1018.566
288	760.371	849.452	987.208
289	776.543	875.129	998.453
290	936.029	1502.677	1130.283
291	1012.086	1991.968	1234.151
292	1061.114	2490.806	1260.340
293	1120.000	2532.064	1312.434
294	1091.400	2497.000	1343.774
295	1225.971	2660.548	1464.283
296	1246.600	2640.903	1480.415
297	1187.914	2592.355	1502.981
298	1316.429	2261.548	1846.792
299	1563.800	2791.903	1952.491
300	1748.514	2898.064	2117.075
301	1759.057	2918.129	2090.490
302	1825.029	2783.226	2072.057
303	1701.171	2535.226	2011.641
304	1733.200	2353.452	2004.472
305	1933.029	2348.290	2018.491
306	1626.200	2349.323	1782.019
307	1325.143	2163.806	1587.019
308	1096.057	1888.032	1395.019
309	990.600	1667.839	1273.585
310	941.257	1540.129	1217.208
311	875.257	1403.710	1171.981
312	856.257	1330.032	1135.132
313	816.657	1253.194	1087.491
314	787.829	1196.000	1045.321
315	778.286	1134.516	1033.189
316	782.886	1076.323	1011.736
317	784.486	1029.903	1022.623
318	737.800	989.194	1041.528
319	746.543	941.613	1039.019
320	876.886	995.290	1167.302
321	1033.114	1149.871	1449.623
322	1139.714	1259.548	1588.302
323	1115.743	1222.710	1543.679
324	1026.886	1080.742	1412.925
325	1015.257	1061.387	1367.396
326	968.800	1043.355	1308.151
327	950.657	1046.258	1301.415
328	947.400	1014.387	1250.057
329	953.800	1052.161	1262.509
330	946.800	1026.032	1241.887
331	946.800	1044.742	1229.566
332	913.686	1009.194	1145.057
333	874.857	956.871	1201.132
334	849.800	902.645	1119.396
335	839.457	910.581	1124.189
336	837.686	912.806	1085.698
337	849.400	890.774	1047.075
338	940.800	890.194	1055.245
339	1102.657	908.935	1052.415
340	1119.914	909.839	1040.302
341	1099.229	912.548	1021.302
342	1039.371	901.903	1005.736
343	993.400	925.355	1025.792
344	989.143	882.968	996.623
345	904.914	860.677	984.887
346	860.200	841.839	985.170
347	959.543	862.710	969.038
348	980.543	873.452	992.340
349	1017.771	851.806	999.491
350	1192.800	919.323	1062.736
351	1412.400	990.710	1128.226
352	1525.486	992.129	1129.226
353	1611.543	1048.548	1194.641
354	1786.514	1103.032	1314.208
355	1790.543	1063.290	1343.094
356	1818.543	1069.935	1336.453
357	1694.971	1014.290	1271.453
358	1501.743	990.484	1212.679
359	1478.829	962.452	1226.038
360	1467.514	975.645	1239.472
361	1421.600	1014.581	1254.359
362	1450.829	1024.645	1275.774
363	1532.343	1128.548	1369.000
364	1480.257	1126.742	1366.736
365	1323.771	1120.290	1343.566
366	1298.343	1205.871	1306.887
367	1135.171	1067.419	1189.623
368	1035.457	1050.806	1133.340
369	943.171	926.290	1073.660
370	871.257	921.387	1041.170
371	906.629	930.290	1043.057
372	888.200	925.968	1028.019
373	887.714	936.387	1027.019
374	865.829	895.097	1039.906
375	880.286	911.323	1035.075
376	912.657	902.516	1039.887
377	859.714	891.032	1009.094
378	830.057	889.097	1000.170
379	816.686	847.161	1027.094
380	969.057	924.129	1036.660
381	1967.029	1149.452	1288.906
382	2407.886	1193.258	1319.094
383	2271.514	1149.355	1354.774
384	2491.114	1151.065	1406.679
385	2605.343	1180.097	1415.925
386	2500.543	1058.161	1338.623
387	2448.286	1084.774	1300.302
388	2287.229	1023.129	1255.962
389	2229.029	1030.516	1264.019
390	2219.286	1039.484	1246.094
391	2352.057	1031.806	1224.094
392	2181.114	1020.710	1204.302
393	2240.457	1032.032	1213.019
394	2319.857	1041.161	1269.509
395	2701.657	1107.355	1273.189
396	2782.171	1304.000	1375.075
397	2653.543	1291.419	1327.509
398	2498.600	1216.806	1282.321
399	2241.086	1113.516	1218.075
400	2042.543	1088.097	1179.453
401	1923.800	1065.806	1161.359
402	1712.971	1054.355	1186.057
403	1548.771	1002.613	1165.774
404	1376.143	985.161	1170.396
405	1247.343	985.935	1178.094
406	1201.571	949.613	1160.057
407	1104.171	936.613	1145.604
408	1030.686	935.097	1140.547
409	986.200	920.742	1086.226
410	910.714	886.806	1063.038
411	1200.771	980.419	1206.491
412	1676.771	1120.871	1398.321
413	1599.857	1094.548	1383.547
414	1487.514	1088.710	1412.887
415	1423.114	1045.806	1392.509
416	1333.314	1006.258	1393.189
417	1346.943	1010.097	1390.566
418	1375.571	1057.097	1468.283
419	1273.543	1043.645	1442.660
420	1341.429	1084.484	1494.736
421	1274.114	1035.097	1434.585
422	1207.229	1036.516	1403.774
423	1114.143	1023.484	1371.566
424	1070.743	994.935	1384.868
425	1055.371	983.903	1387.113
426	1089.829	1102.935	1394.906
427	1176.486	1154.968	1360.019
428	1146.200	1075.419	1278.755
429	1047.086	1022.903	1210.019
430	997.429	959.613	1167.736
431	952.771	939.226	1142.113
432	893.857	939.581	1110.377
433	880.714	906.323	1113.472
434	854.571	902.129	1100.623
435	845.029	948.839	1099.566
436	829.143	912.968	1078.585
437	810.457	902.032	1057.679
438	806.829	881.613	1047.264
439	779.457	876.871	1038.868
440	831.629	893.387	1102.491
441	979.743	985.194	1337.585
442	1509.257	1188.871	1646.755
443	1701.286	1247.065	1751.641
444	1769.200	1225.742	1863.359
445	1563.514	1155.290	1889.509
446	1481.429	1110.226	1803.547
447	1268.029	1081.516	1587.000
448	1202.429	1032.839	1492.245
449	1199.514	986.000	1382.491
450	1130.457	976.290	1321.925
451	1050.286	967.710	1284.604
452	1016.971	1018.161	1301.660
453	1189.886	1113.065	1805.321
454	1167.029	1041.581	1783.208
455	1218.857	1001.452	1622.509
456	1194.771	1065.806	1514.925
457	1487.200	1158.258	1387.698
458	1377.914	1195.226	1303.943
459	1357.029	1177.968	1186.755
460	1527.543	1111.161	1126.925
461	1449.657	1092.258	1096.094
462	1387.571	1034.484	1108.226
463	1251.143	1035.387	1126.491
464	1149.657	1027.419	1142.264
465	1073.914	962.581	1193.359
466	1023.686	1004.323	1186.528
467	1020.714	984.581	1220.585
468	934.914	1012.194	1272.283
469	930.629	966.677	1219.170
470	870.429	887.032	1206.906
471	851.743	929.452	1258.245
472	966.029	1156.161	1408.075
473	980.800	1231.290	1471.679
474	1091.371	1542.419	1608.604
475	1141.657	1586.839	1683.302
476	1215.029	1483.677	1737.245
477	1090.800	1348.419	1565.472
478	1085.800	1258.806	1449.868
479	1043.686	1191.065	1323.528
480	979.257	1114.903	1252.359
481	963.943	1172.000	1264.377
482	975.400	1237.323	1320.000
483	1008.114	1356.935	1416.660
484	940.743	1301.226	1358.434
485	918.743	1247.355	1277.679
486	935.971	1290.452	1309.774
487	1101.057	1661.452	1381.245
488	1180.229	1600.871	1323.604
489	1157.371	1443.323	1266.019
490	1141.943	1329.484	1262.830
491	1106.657	1241.677	1259.509
492	1024.800	1219.516	1236.075
493	983.743	1154.903	1211.359
494	993.029	1114.129	1231.283
495	928.114	1098.258	1206.868
496	892.657	1083.290	1276.528
497	868.286	1036.387	1314.755
498	846.657	971.742	1275.868
499	821.800	965.742	1226.566
500	829.714	951.935	1201.755
501	812.143	927.548	1175.641
502	864.286	985.032	1275.698
503	1002.743	1254.032	1687.698
504	1007.514	1305.871	1656.547
505	952.257	1279.742	1582.075
506	918.886	1201.806	1450.453
507	869.657	1240.516	1367.038
508	869.114	1311.516	1323.377
509	944.543	1603.516	1534.755
510	938.771	1634.387	1554.811
511	918.200	1802.613	1585.377
512	892.657	1795.355	1478.245
513	880.029	2022.226	1423.962
514	934.400	2001.484	1634.038
515	1020.029	2185.936	2017.415
516	1268.600	2628.226	2373.189
517	1513.114	2798.323	2623.340
518	1503.486	2853.258	2380.472
519	1330.914	2583.742	2071.075
520	1213.857	2245.129	1828.830
521	1069.914	1954.903	1624.302
522	1018.829	1880.548	1501.774
523	1088.857	2042.484	1480.094
524	1120.257	2005.548	1412.094
525	1095.286	1924.258	1388.585
526	1102.200	1755.710	1341.340
527	1038.200	1629.516	1297.585
528	971.971	1472.839	1240.283
529	922.743	1332.613	1228.189
530	904.343	1291.419	1219.057
531	915.371	1279.387	1233.755
532	1143.514	1301.710	1328.887
533	1382.400	1435.774	1504.000
534	1332.257	1413.129	1550.981
535	1231.171	1278.452	1471.887
536	1095.571	1178.000	1443.396
537	1018.371	1071.323	1363.736
538	971.914	1021.806	1287.151
539	936.029	990.161	1233.623
540	892.600	916.419	1202.755
541	846.743	933.097	1167.472
542	862.771	898.355	1141.585
543	912.686	946.968	1250.943
544	954.171	963.387	1253.906
545	927.629	1004.323	1300.075
546	924.914	987.419	1276.038
547	967.714	1062.774	1408.377
548	1185.143	1358.323	1518.453
549	1156.600	1469.935	1467.264
550	1099.714	1454.903	1338.075
551	977.371	1310.645	1265.113
552	949.571	1263.742	1241.151
553	882.143	1140.839	1175.981
554	800.171	1040.452	1095.849
555	783.314	1000.258	1051.547
556	837.629	1165.968	1091.830
557	873.829	1177.968	1112.547
558	893.457	1127.258	1155.453
559	873.600	1121.839	1135.774
560	840.371	1010.097	1150.302
561	809.314	999.774	1174.698
562	881.771	953.774	1139.075
563	1224.029	1017.968	1169.000
564	1366.800	1018.839	1228.019
565	1321.286	978.774	1200.472
566	1286.657	958.065	1197.283
567	1317.829	989.839	1175.094
568	1522.114	1023.355	1171.094
569	1430.914	1015.677	1143.585
570	1544.657	1048.387	1127.189
571	1967.286	1137.032	1118.792
572	2137.143	1205.484	1109.660
573	2132.086	1169.903	1084.660
574	2074.629	1083.097	1087.623
575	1926.257	1084.968	1052.208
576	1875.114	1034.710	1051.811
577	1802.514	1010.710	1032.075
578	2042.400	1331.613	1122.962
579	2231.314	1452.839	1105.830
580	2075.400	1337.613	1074.528
581	1990.200	1231.677	1020.547
582	1783.600	1131.839	980.151
583	1527.457	1018.710	1018.755
584	1476.114	1028.065	1257.019
585	1509.600	1229.065	1496.547
586	1377.514	1322.548	1729.189
587	1218.829	1299.742	1740.057
588	1166.829	1187.839	1567.641
589	1137.714	1139.516	1444.396
590	1028.943	1064.710	1368.906
591	943.257	1054.323	1282.113
592	930.143	999.903	1197.038
593	1222.543	1109.161	1311.943
594	1262.571	1124.581	1353.849
595	1242.714	1082.000	1259.792
596	1150.086	1008.710	1205.736
597	1194.800	978.097	1194.075
598	1178.600	969.806	1178.792
599	1193.057	968.484	1201.094
600	1156.600	972.774	1187.415
601	1224.286	958.161	1173.377
602	1141.514	928.452	1181.547
603	1061.057	927.355	1141.906
604	1220.943	962.161	1193.472
605	1491.743	996.323	1269.717
606	1503.600	983.871	1266.208
607	1456.286	1024.161	1240.792
608	1554.829	1268.903	1219.208
609	1500.714	1260.226	1149.925
610	1319.343	1131.387	1103.981
611	1211.829	1106.613	1087.887
612	1077.657	1029.871	1035.849
613	1006.229	979.065	963.906
614	959.886	962.677	972.170
615	918.400	971.839	986.604
616	905.000	985.129	988.453
617	863.257	946.032	1068.679
618	985.114	971.516	1357.981
619	1178.486	966.774	1493.660
620	1110.343	976.903	1415.623
621	1052.486	943.129	1335.849
622	976.029	935.645	1341.604
623	959.743	1019.000	1357.340
624	1088.857	1055.419	1319.208
625	1115.857	1091.065	1253.057
626	1293.057	1156.968	1191.359
627	1373.686	1235.935	1265.151
628	1408.629	1265.065	1220.962
629	1321.914	1391.452	1165.641
630	1306.629	1360.516	1159.359
631	1368.600	1348.032	1168.396
632	1548.600	1482.032	1190.283
633	1619.143	1530.935	1166.547
634	1633.800	1883.806	1177.019
635	1588.886	1800.484	1209.057
636	1737.257	1964.968	1173.641
637	1595.657	1932.677	1118.717
638	1479.571	1887.419	1154.868
639	1626.629	2104.161	1203.604
640	1444.771	1926.194	1113.189
641	1340.457	1733.032	1075.245
642	1175.457	1591.032	1015.000
643	1136.829	1470.581	992.509
644	1065.457	1417.548	1016.076
645	1032.457	1397.839	1087.321
646	949.743	1436.290	1155.679
647	897.886	1289.871	1121.283
648	877.800	1258.645	1070.057
649	828.000	1103.258	1020.340
650	778.457	1030.452	967.019
651	775.714	1020.742	956.076
652	773.400	964.710	985.943
653	836.343	1044.065	1033.264
654	927.971	1407.129	1114.925
655	986.114	1687.290	1108.019
656	1008.000	1981.871	1172.189
657	1038.743	2072.710	1152.208
658	988.486	1953.129	1086.396
659	957.514	1900.484	1084.717
660	896.257	1740.710	1051.396
661	889.286	1802.258	1078.245
662	886.971	1751.000	1093.943
663	938.829	1829.839	1116.641
664	959.571	1775.548	1165.604
665	985.314	1738.968	1154.396
666	968.429	1641.710	1133.623
667	976.829	1514.581	1099.887
668	972.514	1406.355	1096.113
669	1037.114	1416.065	1148.849
670	1074.486	1306.161	1111.509
671	1001.486	1209.065	1092.811
672	917.314	1121.290	1049.641
673	824.800	1032.839	1018.057
674	823.914	996.871	1034.377
675	786.886	967.484	980.189
676	791.657	944.710	1004.585
677	804.971	932.097	1005.302
678	779.229	911.613	1019.472
679	781.543	896.806	1005.641
680	768.686	908.677	1017.887
681	744.629	903.774	1019.962
682	790.229	871.097	997.755
683	803.400	906.548	1025.302
684	847.857	924.355	1080.623
685	824.943	926.806	1064.434
686	832.029	956.742	1072.113
687	832.257	990.710	1116.736
688	897.314	1029.516	1134.472
689	910.314	1064.194	1210.868
690	899.800	1022.613	1194.981
691	941.200	1047.032	1227.264
692	941.200	1018.387	1234.717
693	956.086	1020.065	1229.075
694	928.771	1024.742	1197.774
695	947.857	1003.677	1264.113
696	925.486	1013.774	1221.434
697	940.143	1051.516	1290.283
698	964.971	1091.677	1278.283
699	1003.714	1108.097	1334.283
700	983.571	1044.677	1243.396
701	894.686	979.677	1177.189
702	849.886	1010.000	1144.547
703	788.629	903.645	1062.377
704	780.657	898.806	1011.906
705	790.371	922.871	1012.509
706	790.714	966.871	1043.509
707	831.857	988.645	1077.528
708	847.686	1020.000	1090.472
709	844.914	977.581	1105.962
710	821.714	937.097	1085.075
711	828.200	905.226	1073.849
712	841.714	911.258	1092.491
713	868.971	902.419	1067.132
714	988.514	949.516	1164.226
715	1199.829	1133.677	1324.830
716	1255.000	1161.129	1355.660
717	1231.429	1166.774	1377.057
718	1163.657	1121.032	1391.019
719	1112.171	1047.742	1372.132
720	1119.943	1072.419	1378.509
721	1203.200	1215.581	1532.887
722	1274.743	1222.032	1585.453
723	1294.657	1242.516	1713.434
724	1561.971	1323.226	1845.396
725	1623.829	1399.161	1924.811
726	1716.429	1504.710	2037.415
727	1737.857	1571.774	1959.736
728	1571.029	1384.516	2058.038
729	1564.371	1453.516	1996.585
730	1884.629	1646.839	1938.491
731	1923.514	1704.548	1897.075
732	1885.286	1544.548	1769.641
733	1792.371	1425.871	1608.075
734	1613.686	1401.258	1606.679
735	1353.514	1227.548	1537.792
736	1228.800	1145.871	1456.151
737	1125.229	1074.710	1351.245
738	1047.114	1009.516	1309.189
739	1005.600	1027.226	1546.792
740	986.571	1029.968	1597.528
741	944.857	1016.968	1502.075
742	906.314	960.516	1384.057
743	870.771	941.935	1291.434
744	957.086	964.806	1249.925
745	1503.371	1100.613	1405.264
746	1636.314	1099.581	1409.038
747	1540.429	1053.323	1383.359
748	1365.629	972.677	1267.226
749	1163.943	898.710	1174.641
750	1115.486	889.258	1142.604
751	1061.171	877.065	1132.830
752	1082.000	925.097	1133.396
753	1255.714	971.161	1170.302
754	1387.457	992.871	1191.019
755	1341.029	999.839	1186.000
756	1541.343	984.968	1176.925
757	1536.200	963.129	1191.679
758	1503.171	932.903	1134.377
759	1380.771	947.871	1120.925
760	1358.800	930.226	1073.755
761	1238.343	912.355	1042.774
762	1197.771	912.032	1024.189
763	1239.257	897.742	1020.170
764	1151.314	864.419	1015.472
765	1087.600	865.677	1026.264
766	1022.000	872.742	987.415
767	950.457	866.419	976.509
768	893.257	1038.839	1065.585
769	926.429	1138.194	1090.774
770	900.171	1140.839	1090.226
771	846.829	1162.839	1085.094
772	842.771	1092.097	1086.698
773	907.086	1073.968	1093.566
774	905.200	1082.968	1077.170
775	1004.857	1150.935	1144.113
776	1180.714	1141.871	1157.264
777	1146.057	1207.742	1209.679
778	1185.171	1140.774	1197.943
779	1155.400	1089.548	1192.264
780	1065.200	1033.613	1182.717
781	1085.914	1044.516	1213.094
782	1051.371	1009.194	1193.943
783	1065.571	1027.968	1177.528
784	1190.171	1042.710	1214.660
785	1317.629	1064.065	1277.623
786	1452.514	1180.000	1374.208
787	1669.886	1340.806	1638.075
788	1634.200	1295.613	1624.528
789	1646.400	1382.129	1687.094
790	1769.486	1446.387	1723.377
791	2173.486	1496.355	1711.019
792	1941.171	1335.097	1541.887
793	1752.257	1182.839	1433.340
794	1522.371	1096.581	1328.660
795	1340.114	1057.290	1287.019
796	1223.800	985.226	1292.547
797	1087.600	951.516	1239.623
798	1000.829	917.323	1170.321
799	942.943	900.194	1110.302
800	908.086	897.645	1073.925
801	869.800	863.194	1046.849
802	801.086	846.774	992.000
803	800.686	862.000	949.924
804	761.286	874.484	993.170
805	787.143	897.548	1099.679
806	889.657	972.419	1322.906
807	980.714	1091.581	1452.698
808	1246.057	1286.032	1861.887
809	1334.629	1254.387	1984.604
810	1307.229	1263.645	1934.792
811	1210.229	1242.290	1861.396
812	1303.571	1361.000	1817.943
813	1342.886	1296.226	1753.113
814	1317.914	1547.677	1703.151
815	1427.257	1644.839	1997.792
816	1514.629	1784.000	2208.623
817	1560.543	1841.839	2376.887
818	1668.543	2193.742	2775.075
819	1607.743	2042.710	2775.585
820	1537.886	2236.516	2735.774
821	1583.886	2834.258	2534.981
822	1364.657	2741.839	2288.000
823	1212.143	2531.613	2059.472
824	1161.686	2367.645	1870.132
825	1042.657	2125.129	1647.377
826	956.457	2096.355	1533.755
827	931.943	2248.419	1435.811
828	925.457	2264.129	1386.170
829	906.457	2216.290	1350.830
830	895.629	2179.226	1294.925
831	909.286	2180.742	1271.660
832	954.457	2189.226	1258.566
833	992.286	1983.258	1303.585
834	973.086	1824.710	1318.547
835	945.743	1780.677	1324.321
836	1052.629	2213.774	1608.755
837	1042.743	2210.194	1615.038
838	987.886	2257.484	1647.811
839	953.543	2142.032	1575.208
840	974.114	2290.419	1738.377
841	951.429	2182.710	1707.925
842	955.543	2202.484	1750.849
843	928.657	2060.032	1610.340
844	891.029	2033.290	1478.170
845	866.343	2019.613	1330.019
846	850.886	1910.452	1295.453
847	837.914	1956.548	1257.396
848	909.200	2137.000	1367.377
849	870.714	2319.194	1372.000
850	843.286	2197.806	1338.302
851	961.429	2515.774	1306.660
852	896.171	2367.258	1200.189
853	864.629	2104.290	1112.189
854	813.086	1976.000	1070.321
855	813.971	1835.419	1033.736
856	798.257	1646.032	1005.981
857	788.686	1610.323	987.924
858	797.257	1450.903	986.868
859	814.286	1422.419	1005.887
860	794.143	1240.839	956.604
861	760.914	1142.452	949.453
862	773.629	1105.452	952.038
863	767.486	1056.355	964.057
864	756.229	996.226	994.283
865	786.686	991.548	997.604
866	864.257	1059.774	1130.925
867	1056.800	1372.129	1272.925
868	961.143	1498.903	1180.132
869	918.829	1337.806	1131.811
870	861.400	1221.258	1072.019
871	893.114	1255.097	1083.641
872	864.229	1290.839	1065.906
873	858.371	1394.355	1059.509
874	824.286	1436.194	1053.151
875	870.629	1608.806	1036.453
876	924.686	1763.968	1108.434
877	1021.343	2217.452	1191.170
878	990.457	2209.129	1284.075
879	948.429	2120.452	1242.434
880	889.686	2037.323	1211.434
881	859.914	1972.968	1122.170
882	914.029	1773.742	1081.547
883	972.600	1636.613	1048.906
884	898.286	1492.065	979.811
885	946.514	1384.806	957.019
886	952.229	1297.065	963.887
887	976.429	1235.419	984.868
888	973.886	1202.742	992.302
889	951.029	1125.935	952.698
890	852.629	1050.968	975.321
891	814.971	1013.323	941.736
892	792.943	958.258	941.283
893	778.371	925.355	938.264
894	809.057	933.290	934.113
895	905.429	898.194	933.679
896	1016.971	952.968	989.321
897	1332.657	942.290	1037.359
898	1405.000	949.000	1048.641
899	1337.143	979.710	1070.547
900	1268.771	946.677	1101.774
901	1236.514	1028.806	1185.321
902	1317.057	1063.419	1272.547
903	1324.114	1113.258	1367.453
904	1406.914	1075.161	1323.604
905	1304.400	1020.226	1247.925
906	1135.171	974.645	1167.981
907	1067.143	951.645	1119.170
908	1017.543	987.903	1116.396
909	953.457	987.581	1083.849
910	996.943	1060.258	1175.094
911	1229.086	1236.323	1270.359
912	1482.143	1633.032	1314.547
913	1372.343	1761.613	1249.981
914	1242.829	1554.129	1221.302
915	1056.514	1308.516	1119.453
916	949.686	1230.677	1046.868
917	920.400	1135.097	995.962
918	869.229	1072.677	983.641
919	854.114	1032.806	976.792
920	938.971	1057.226	976.924
921	905.914	969.871	974.509
922	851.343	929.194	985.302
923	802.229	907.935	977.415
924	797.171	880.387	995.170
925	770.543	858.032	965.641
926	789.286	895.742	988.547
927	929.114	922.871	1046.717
928	1106.857	941.806	1051.774
929	1034.743	902.774	1039.830
930	1044.086	913.065	1013.981
931	1094.771	917.065	1005.547
932	1119.943	938.323	1016.924
933	1106.457	953.032	1032.623
934	1138.657	981.710	1055.283
935	1368.914	991.871	1099.113
936	1450.257	1007.516	1089.528
937	1622.943	1013.097	1115.906
938	1714.400	1051.129	1127.868
939	1853.286	1033.548	1160.283
940	1725.200	964.903	1095.491
941	1823.686	985.129	1068.811
942	1762.429	1095.258	1056.132
943	1554.400	1063.129	1025.604
944	1406.571	998.387	983.792
945	1446.429	1047.710	990.585
946	1438.029	1019.742	981.094
947	1310.914	981.839	979.868
948	1153.057	908.613	975.943
949	1050.914	935.548	952.340
950	985.486	914.290	934.151
951	931.629	874.806	966.736
952	875.486	887.387	927.226
953	837.657	852.742	940.396
954	818.857	839.871	926.302
955	788.600	840.129	926.811
956	803.829	848.065	953.830
957	985.657	985.065	1086.283
958	1084.714	1067.968	1250.679
959	1120.086	1149.097	1374.226
960	1172.600	1125.355	1346.887
961	1196.257	1065.484	1432.472
962	1150.857	1038.258	1427.830
963	1296.257	1096.452	1494.472
964	1484.657	1126.355	1515.925
965	1565.114	1222.645	1594.736
966	1633.314	1331.742	1657.189
967	1634.143	1347.129	1664.981
968	1585.714	1340.032	1700.849
969	1441.514	1299.581	1766.547
970	1371.286	1246.258	1754.623
971	1167.857	1049.129	1623.736
972	1238.057	1108.129	1644.943
973	1229.200	1099.613	1499.585
974	1096.686	1001.710	1355.868
975	984.714	937.000	1284.792
976	928.629	883.548	1187.962
977	876.829	879.129	1140.359
978	850.571	913.645	1132.830
979	834.314	939.452	1110.623
980	806.086	912.194	1076.641
981	846.229	951.935	1095.736
982	800.257	916.774	1088.623
983	781.486	923.194	1084.057
984	773.200	882.258	1043.509
985	768.686	860.871	1069.340
986	766.829	888.516	1067.604
987	811.143	901.677	1085.641
988	873.971	984.000	1185.792
989	1049.400	1117.323	1246.453
990	1017.514	1150.258	1234.264
991	1028.971	1231.806	1197.906
992	1010.743	1190.935	1233.943
993	960.629	1134.548	1181.585
994	962.771	1126.387	1197.811
995	953.943	1131.935	1227.113
996	958.314	1089.129	1199.208
997	936.286	1031.097	1151.792
998	897.229	992.581	1107.132
999	867.229	971.581	1101.038
1000	848.800	958.484	1091.509
1001	857.571	952.613	1066.849
1002	853.771	964.129	1031.000
1003	855.543	979.742	1027.132
1004	923.743	999.742	1037.472
1005	954.743	1044.581	1040.755
1006	896.629	988.871	1006.151
1007	844.829	967.548	971.283
1008	816.914	892.097	966.283
1009	771.229	887.258	960.151
1010	731.314	855.129	940.170
1011	750.743	843.516	928.547
1012	736.914	834.774	914.321
1013	726.029	853.258	927.811
1014	714.457	841.226	940.377
1015	732.486	822.645	926.377
1016	727.229	786.355	934.623
1017	773.971	810.710	947.396
1018	891.229	994.065	1019.000
1019	930.114	1093.677	1070.679
1020	885.457	1057.935	1057.906
1021	875.543	1068.548	1021.208
1022	875.086	1074.903	1050.245
1023	903.286	1089.258	1090.660
1024	879.286	1056.226	1056.396
1025	878.914	1067.355	1026.132
1026	888.971	1128.968	1090.660
1027	875.086	1111.258	1126.623
1028	879.857	1246.290	1110.245
1029	894.257	1331.097	1103.453
1030	907.857	1306.387	1095.226
1031	931.229	1268.194	1072.094
1032	991.571	1387.968	1144.755
1033	1164.600	1621.516	1183.208
1034	1284.257	1577.774	1130.170
1035	1110.571	1437.161	1059.170
1036	1021.514	1288.935	1048.943
1037	930.914	1142.742	979.698
1038	862.086	1084.742	959.755
1039	834.800	1028.355	957.000
1040	792.514	966.194	959.302
1041	806.743	979.548	945.038
1042	764.286	952.581	959.226
1043	852.257	951.871	1088.000
1044	862.457	995.290	1117.396
1045	851.714	970.613	1098.151
1046	839.914	946.935	1073.264
1047	874.600	964.419	1079.057
1048	919.343	984.387	1172.509
1049	1145.257	1091.774	1348.019
1050	1160.171	1126.129	1368.321
1051	1167.543	1195.613	1463.585
1052	1122.229	1152.742	1394.170
1053	1057.114	1079.097	1322.057
1054	981.314	997.290	1253.264
1055	954.686	951.484	1215.019
1056	935.371	955.839	1160.113
1057	905.257	950.645	1128.679
1058	894.743	923.355	1106.774
1059	871.029	898.613	1100.868
1060	845.543	904.419	1049.453
1061	835.457	963.581	1060.679
1062	883.143	1046.903	1114.208
1063	967.029	1199.839	1198.000
1064	1205.057	1210.194	1206.245
1065	1222.829	1138.548	1159.283
1066	1108.171	1022.968	1086.434
1067	977.400	948.645	1016.321
1068	924.600	954.484	994.585
1069	865.857	917.742	994.698
1070	850.200	909.516	989.717
1071	836.114	906.742	981.906
1072	789.029	888.065	981.226
1073	807.114	860.032	969.321
1074	776.514	852.484	945.528
1075	745.029	833.742	950.717
1076	756.057	826.452	954.887
1077	764.600	808.839	957.302
1078	843.571	908.613	1034.755
1079	1292.343	1033.903	1262.585
1080	1382.514	1048.000	1263.830
1081	1276.343	1003.806	1197.019
1082	1231.914	976.355	1203.887
1083	1178.829	926.839	1156.113
1084	1107.600	973.419	1187.604
1085	1151.914	999.935	1197.717
1086	1178.000	986.226	1201.811
1087	1135.114	952.839	1197.208
1088	1065.343	954.000	1171.283
1089	984.486	914.355	1126.208
1090	914.314	882.903	1091.189
1091	960.629	932.645	1079.000
1092	902.914	921.323	1065.755
1093	904.857	931.129	1071.113
1094	926.257	1007.710	1091.038
1095	965.314	985.065	1074.906
1096	853.943	936.645	1049.434
1097	810.886	896.516	1003.132
1098	794.114	885.097	993.509
1099	768.257	870.871	996.151
1100	764.429	855.968	999.604
1101	779.257	847.000	976.377
1102	753.657	868.129	1002.528
1103	773.000	840.323	973.076
1104	753.857	871.355	973.359
1105	739.457	814.935	967.340
1106	726.143	814.742	949.792
1107	759.514	861.871	990.528
1108	812.686	861.000	1024.075
1109	1287.143	1013.613	1177.585
1110	1349.543	1012.968	1142.434
1111	1256.114	951.323	1108.717
1112	1314.457	926.323	1080.019
1113	1355.571	958.645	1141.359
1114	1307.429	970.613	1149.604
1115	1424.771	1002.677	1188.019
1116	1606.000	1041.548	1215.585
1117	1857.314	1070.258	1255.226
1118	1787.771	1014.871	1208.151
1119	1727.286	1043.065	1224.830
1120	1723.857	1047.710	1238.151
1121	1674.829	1016.355	1238.019
1122	1595.486	994.677	1204.189
1123	1684.714	1001.484	1201.415
1124	1765.457	1072.161	1225.321
1125	1907.800	1166.065	1194.679
1126	1696.400	1015.290	1098.434
1127	1509.171	1027.065	1080.849
1128	1323.629	972.290	1032.547
1129	1213.800	950.774	1033.641
1130	1107.829	940.419	1020.717
1131	1022.514	922.065	979.208
1132	977.371	883.484	973.924
1133	932.314	892.258	996.038
1134	866.914	912.484	1001.396
1135	860.371	954.387	1036.038
1136	850.743	932.129	1031.245
1137	841.571	896.129	1063.755
1138	813.971	910.581	1035.641
1139	986.029	974.355	1158.868
1140	1309.771	997.161	1203.660
1141	1224.171	931.258	1205.359
1142	1181.086	929.290	1158.208
1143	1217.314	935.097	1157.887
1144	1240.829	895.000	1165.679
1145	1366.800	977.548	1211.434
1146	1534.486	1027.129	1327.491
1147	1616.343	1035.387	1376.434
1148	1517.629	1010.742	1391.925
1149	1444.343	942.419	1285.943
1150	1323.257	902.935	1228.264
1151	1171.600	870.806	1168.755
1152	1070.200	865.806	1131.774
1153	1007.029	878.871	1137.887
1154	1060.400	962.097	1220.774
1155	1175.971	978.968	1199.000
1156	1229.571	893.032	1149.566
1157	1167.829	885.032	1094.283
1158	1064.314	814.774	1028.698
1159	1071.829	845.290	1027.717
1160	1041.971	838.935	1010.245
1161	1012.857	871.097	1070.377
1162	954.514	875.516	1043.698
1163	915.886	899.903	1034.736
1164	919.514	942.226	1092.189
1165	938.257	995.323	1222.038
1166	899.714	948.742	1258.113
1167	833.143	908.613	1288.830
1168	828.857	879.742	1215.415
1169	1027.114	1036.161	1378.283
1170	1265.057	1136.968	1591.528
1171	1216.257	1096.871	1520.887
1172	1155.343	1001.935	1418.943
1173	1099.229	990.645	1328.453
1174	1028.343	925.258	1227.962
1175	960.486	1012.419	1167.208
1176	966.371	1035.548	1175.472
1177	1213.857	1123.323	1514.151
1178	1186.314	1055.903	1474.774
1179	1188.829	1051.387	1602.566
1180	1088.886	993.129	1553.075
1181	1224.114	1057.065	1623.321
1182	1202.343	1087.000	1553.208
1183	1370.143	1236.968	1559.962
1184	1348.600	1255.839	1473.736
1185	1392.057	1369.903	1377.264
1186	1246.457	1256.903	1257.019
1187	1104.714	1143.419	1162.415
1188	1007.514	1070.323	1109.208
1189	1075.114	1049.161	1091.472
1190	1002.171	996.323	1062.755
1191	921.057	983.903	1048.849
1192	869.829	929.129	1014.245
1193	842.229	912.323	1005.698
1194	782.057	882.645	964.132
1195	790.714	907.903	1007.226
1196	813.429	884.226	1029.698
1197	797.743	884.194	1134.849
1198	770.743	848.645	1164.359
1199	766.743	857.129	1169.226
1200	847.029	1038.290	1301.113
1201	839.943	1144.935	1322.321
1202	869.514	1265.129	1448.981
1203	816.400	1263.065	1359.849
1204	793.286	1386.097	1291.075
1205	801.771	1499.032	1363.811
1206	842.714	1439.742	1406.887
1207	881.286	1453.484	1501.189
1208	915.971	1441.161	1530.679
1209	975.743	1480.194	1825.019
1210	1018.286	1626.419	2050.566
1211	1039.229	1740.419	2168.642
1212	994.343	1705.516	2099.849
1213	991.400	1682.871	2294.774
1214	1065.943	1642.452	2131.245
1215	1269.057	2068.548	2377.170
1216	1227.800	1994.871	2151.811
1217	1119.343	1740.129	1903.359
1218	999.143	1545.484	1751.113
1219	922.000	1363.419	1619.509
1220	896.429	1301.387	1545.660
1221	851.400	1238.710	1531.491
1222	825.371	1140.484	1411.113
1223	834.629	1128.613	1361.113
1224	826.600	1082.000	1258.453
1225	759.857	1029.484	1158.604
1226	770.086	1009.871	1138.491
1227	757.143	951.839	1100.113
1228	741.743	908.484	1062.925
1229	734.143	877.000	1030.925
1230	777.486	925.258	1098.698
1231	1022.029	1181.968	1778.736
1232	1037.371	1591.903	1808.396
1233	1043.057	1669.645	1681.189
1234	999.771	1549.258	1524.132
1235	965.686	1419.161	1516.717
1236	959.057	1371.806	1464.472
1237	909.543	1522.903	1382.623
1238	865.229	1478.065	1306.245
1239	880.314	1533.710	1314.962
1240	903.143	1504.581	1319.377
1241	865.371	1414.677	1232.019
1242	840.771	1346.484	1235.830
1243	919.029	1324.129	1509.491
1244	1012.143	1466.452	1679.849
1245	1180.029	1673.613	1810.887
1246	1412.029	1664.484	1671.943
1247	1251.429	1518.968	1492.453
1248	1124.029	1383.258	1377.302
1249	1043.229	1269.226	1225.491
1250	938.286	1181.516	1143.679
1251	990.143	1151.032	1105.585
1252	1022.743	1088.194	1112.604
1253	975.743	1077.355	1102.641
1254	935.914	1027.129	1116.415
1255	896.029	989.226	1170.170
1256	856.857	930.452	1166.774
1257	804.800	913.161	1089.811
1258	780.343	855.032	1028.811
1259	777.629	837.484	997.547
1260	854.914	885.871	1030.094
1261	968.629	909.129	1095.491
1262	1045.000	920.419	1080.792
1263	1036.543	1012.710	1165.962
1264	1134.171	1112.677	1319.755
1265	1240.943	1210.226	1433.604
1266	1200.286	1134.645	1395.679
1267	1089.457	1075.484	1358.132
1268	1036.543	1045.226	1316.283
1269	1016.286	991.258	1258.340
1270	951.657	986.387	1224.075
1271	922.600	955.871	1190.321
1272	923.971	954.452	1172.359
1273	955.314	992.258	1156.585
1274	959.971	972.968	1157.132
1275	965.229	1000.710	1139.321
1276	1038.514	1220.258	1175.679
1277	1030.400	1219.032	1152.245
1278	1026.086	1279.935	1155.283
1279	1000.171	1256.774	1140.283
1280	968.857	1260.806	1115.340
1281	927.171	1211.258	1086.868
1282	951.086	1159.258	1005.094
1283	898.257	1099.290	995.491
1284	913.800	1114.903	991.170
1285	882.771	1274.806	978.019
1286	841.143	1266.806	971.415
1287	802.571	1244.742	966.509
1288	792.400	1127.742	957.679
1289	769.971	1068.194	921.830
1290	827.171	987.645	953.170
1291	1217.971	1067.548	1042.283
1292	1269.371	1042.387	1087.774
1293	1230.800	993.548	1051.377
1294	1218.314	952.645	1051.811
1295	1337.000	957.355	1071.830
1296	1441.914	983.097	1120.755
1297	2018.914	1047.710	1231.283
1298	2802.629	1126.065	1257.925
1299	2721.514	1058.613	1320.547
1300	2759.057	1095.097	1328.698
1301	2744.229	1120.677	1327.717
1302	2801.886	1218.387	1425.189
1303	2561.886	1450.226	1610.887
1304	2765.771	1455.161	1695.283
1305	2757.829	1352.839	1656.679
1306	2696.229	1451.613	1676.359
1307	2660.229	1302.194	1549.830
1308	2585.600	1335.677	1494.000
1309	2233.314	1141.871	1294.962
1310	2007.429	1063.097	1233.321
1311	1764.143	983.871	1202.679
1312	1555.686	939.452	1146.962
1313	1392.514	887.968	1099.792
1314	1201.200	907.290	1074.792
1315	1172.857	858.065	1060.528
1316	1059.571	857.032	1028.472
1317	990.400	870.677	1048.113
1318	962.457	890.710	1051.755
1319	891.486	868.613	1039.566
1320	858.657	842.968	1019.359
1321	884.600	904.581	1125.472
1322	932.543	959.935	1213.113
1323	941.714	950.290	1261.208
1324	940.886	927.000	1268.792
1325	874.857	850.032	1236.547
1326	821.400	843.194	1158.792
1327	845.571	862.387	1130.547
1328	815.257	829.645	1120.377
1329	783.771	837.839	1092.868
1330	772.257	845.065	1063.604
1331	796.314	859.839	1057.981
1332	808.286	849.226	1070.189
1333	823.486	840.290	1054.208
1334	815.029	825.387	1029.660
1335	789.886	848.387	1015.604
1336	949.943	1049.290	1123.925
1337	1367.629	1269.903	1155.189
1338	1415.486	1149.839	1105.774
1339	1271.571	1056.774	1056.434
1340	1253.171	981.258	998.359
1341	1159.114	923.677	958.434
1342	1107.200	900.516	982.623
1343	1035.486	890.968	963.208
1344	981.857	878.419	939.396
1345	936.914	849.419	925.094
1346	947.314	863.903	964.321
1347	876.429	867.097	999.302
1348	863.486	900.032	1031.830
1349	878.143	927.806	1011.981
1350	859.229	928.097	1042.396
1351	1115.000	1175.677	1222.321
1352	1281.571	1265.290	1324.811
1353	1175.229	1115.839	1297.434
1354	1075.571	1028.129	1254.830
1355	982.743	971.258	1186.641
1356	951.657	909.806	1149.038
1357	907.629	880.710	1093.000
1358	859.200	888.903	1115.472
1359	865.000	903.290	1094.283
1360	889.943	864.742	1057.755
1361	930.343	886.677	1028.321
1362	890.171	880.355	1021.491
1363	898.486	923.839	1052.264
1364	926.514	976.548	1087.208
1365	945.800	994.355	1128.736
1366	1043.486	1043.968	1137.038
1367	1200.229	1161.323	1183.585
1368	1126.400	1105.806	1083.377
1369	1036.857	984.419	1012.717
1370	979.457	952.903	1006.830
1371	970.200	948.548	1049.491
1372	898.257	914.548	1055.660
1373	855.657	894.097	1049.660
1374	840.400	883.161	1060.340
1375	794.914	873.258	1074.623
1376	812.171	873.258	1033.811
1377	770.543	859.194	1051.774
1378	810.714	890.258	1096.868
1379	785.057	887.484	1058.868
1380	767.486	865.710	1040.453
1381	751.314	837.161	1006.132
1382	827.543	1096.548	1034.868
1383	839.371	1384.323	1029.491
1384	840.343	1471.258	1036.717
1385	890.171	1461.645	1067.736
1386	898.143	1582.419	1046.415
1387	887.371	1669.871	1052.377
1388	846.400	1561.194	1061.660
1389	853.000	1546.258	1036.566
1390	866.714	1456.774	1024.623
1391	872.629	1533.806	1061.453
1392	867.800	1547.548	1056.377
1393	855.143	1479.806	1053.057
1394	858.629	1400.000	1082.113
1395	853.571	1322.774	1072.849
1396	856.143	1261.000	1084.547
1397	906.686	1408.194	1129.962
1398	890.143	1305.065	1072.094
1399	810.971	1185.774	1027.377
1400	799.771	1082.871	994.792
1401	802.857	1009.710	972.604
1402	765.800	986.581	954.491
1403	747.600	936.000	950.226
1404	724.371	917.226	954.170
1405	739.200	900.323	939.849
1406	708.800	879.806	949.604
1407	744.571	856.710	946.208
1408	748.371	866.484	973.604
1409	752.200	891.065	994.170
1410	798.714	882.645	1010.170
1411	790.771	886.323	1013.151
1412	881.600	924.839	1138.849
1413	924.314	1021.806	1251.717
1414	946.914	985.613	1248.189
1415	930.457	991.419	1216.736
1416	874.257	935.032	1147.208
1417	854.429	910.806	1110.321
1418	846.143	896.097	1084.547
1419	840.800	892.097	1058.943
1420	828.200	899.452	1042.170
1421	809.886	897.097	1036.377
1422	797.057	903.903	1062.113
1423	852.857	951.226	1077.604
1424	851.543	963.097	1089.434
1425	827.657	918.742	1064.509
1426	820.714	942.516	1064.679
1427	845.314	1031.032	1089.415
1428	887.857	1048.032	1057.943
1429	830.571	984.968	1019.094
1430	764.086	892.452	971.774
1431	748.114	894.419	946.906
1432	734.714	861.871	932.566
1433	739.457	892.806	936.170
1434	732.657	844.806	923.698
1435	752.429	808.839	904.132
1436	723.800	822.968	894.792
1437	714.800	828.903	897.434
1438	696.600	819.194	908.943
1439	675.257	826.516	874.849
1440	678.971	801.710	889.736
1441	702.286	816.032	921.283
1442	783.771	852.806	1011.830
1443	889.429	926.452	1111.377
1444	968.286	931.871	1126.491
1445	976.286	961.871	1147.755
1446	988.343	944.871	1122.415
1447	965.486	889.839	1106.226
1448	910.800	885.839	1114.566
1449	1017.371	953.839	1140.528
1450	1044.029	1002.548	1148.566
1451	1051.514	979.387	1156.566
1452	1061.086	979.226	1161.887
1453	1079.200	966.290	1183.264
1454	1080.514	1003.677	1215.491
1455	1135.200	1008.097	1212.623
1456	1051.200	960.581	1182.736
1457	1064.543	1046.742	1247.094
1458	1111.971	1101.516	1373.925
1459	1181.486	1097.645	1288.113
1460	1111.086	1048.290	1238.151
1461	1006.286	989.194	1198.491
1462	947.514	965.645	1138.321
1463	896.571	918.419	1131.170
1464	901.029	947.387	1132.566
1465	896.171	929.548	1198.623
1466	863.857	924.226	1176.811
1467	850.143	901.129	1147.170
1468	814.429	889.645	1143.887
1469	856.829	880.871	1154.226
1470	818.571	872.710	1141.075
1471	805.457	851.645	1050.245
1472	837.171	832.613	1063.075
1473	1122.086	945.129	1149.604
1474	1134.086	950.065	1182.302
1475	1076.086	928.452	1158.340
1476	1049.314	897.065	1175.377
1477	978.771	871.677	1108.075
1478	897.371	842.226	1070.717
1479	922.971	826.871	1020.264
1480	912.314	842.065	1026.679
1481	994.143	872.226	1032.774
1482	1132.057	896.290	1037.717
1483	1258.457	908.032	1071.283
1484	1275.714	930.742	1057.906
1485	1290.029	920.258	1086.415
1486	1366.457	912.581	1065.962
1487	1372.371	884.355	1055.094
1488	1590.029	995.000	1106.981
1489	2034.514	1325.194	1113.094
1490	2067.800	1382.516	1098.359
1491	1917.286	1308.710	1040.245
1492	1811.771	1233.903	1029.660
1493	1687.029	1141.581	1012.547
1494	1499.229	1079.355	989.038
1495	1324.943	955.677	942.321
1496	1183.857	950.161	922.887
1497	1071.714	929.645	924.585
1498	1010.800	884.290	932.377
1499	929.743	889.290	900.132
1500	878.143	854.194	895.170
1501	849.229	821.032	895.547
1502	826.771	820.484	906.604
1503	895.943	869.161	1012.000
1504	1020.371	901.290	1271.887
1505	970.486	892.710	1236.434
1506	947.200	913.355	1240.019
1507	966.571	926.581	1231.208
1508	1192.686	998.484	1320.264
1509	1738.857	1286.806	1480.377
1510	1818.400	1223.613	1430.698
1511	1801.371	1166.968	1383.811
1512	1832.314	1134.226	1292.170
1513	1651.629	1071.613	1229.189
1514	1617.114	1051.258	1190.887
1515	1696.029	1035.871	1186.283
1516	1835.514	1054.645	1265.377
1517	1725.686	1000.194	1218.943
1518	1987.543	1194.645	1204.698
1519	2321.971	1340.452	1205.641
1520	2090.600	1231.903	1096.679
1521	1913.057	1138.065	1106.415
1522	1711.600	1065.806	1041.547
1523	1616.086	1042.355	1110.208
1524	1608.543	1065.194	1288.019
1525	1432.971	1081.581	1316.641
1526	1315.743	1000.968	1266.585
1527	1203.057	986.516	1194.981
1528	1220.514	961.065	1189.170
1529	1169.143	967.742	1121.113
1530	1126.257	1132.129	1141.585
1531	1153.571	1179.806	1187.641
1532	1112.714	1073.484	1163.830
1533	1086.829	1096.839	1309.038
1534	1222.000	1228.194	1652.509
1535	1043.371	1132.581	1468.075
1536	951.571	1040.968	1325.094
1537	1097.000	1191.935	1618.717
1538	1468.029	1280.097	2099.019
1539	1356.514	1234.000	2104.962
1540	1336.486	1280.484	2263.453
1541	1305.743	1215.000	2493.358
1542	1174.343	1165.516	2369.642
1543	1113.371	1053.226	2151.943
1544	1093.514	1028.710	1991.906
1545	1020.657	1003.742	1773.660
1546	947.057	924.677	1609.359
1547	909.200	963.581	1582.359
1548	953.914	1247.806	1544.925
1549	1381.400	1514.774	1467.208
1550	1431.629	1474.000	1330.434
1551	1297.429	1270.871	1239.491
1552	1109.829	1175.419	1182.774
1553	1034.257	1116.806	1103.547
1554	965.686	1046.935	1041.849
1555	892.771	1008.548	1002.208
1556	854.457	939.355	987.396
1557	812.943	880.871	948.604
1558	774.200	897.355	968.434
1559	746.257	844.677	944.113
1560	730.886	864.226	953.377
1561	737.629	870.194	926.189
1562	721.000	842.452	1010.755
1563	728.543	836.323	1002.774
1564	773.857	991.871	1023.057
1565	773.857	1286.129	1152.491
1566	841.400	1530.548	1335.057
1567	831.200	1555.290	1353.547
1568	815.514	1566.419	1291.623
1569	818.657	1609.516	1276.925
1570	790.314	1466.613	1242.509
1571	776.514	1349.516	1203.623
1572	782.914	1255.129	1168.340
1573	756.314	1204.065	1203.792
1574	773.371	1263.161	1210.604
1575	862.543	1446.645	1534.792
1576	874.486	1533.677	1594.453
1577	882.143	1509.032	1660.604
1578	846.800	1557.968	1525.509
1579	852.057	1607.839	1384.849
1580	796.229	1456.710	1293.604
1581	818.714	1378.290	1222.170
1582	805.400	1271.742	1148.415
1583	755.800	1169.613	1053.396
1584	726.057	1082.645	1011.453
1585	745.257	1039.903	964.887
1586	711.800	1032.516	959.453
1587	737.743	985.355	961.585
1588	731.457	984.742	977.170
1589	719.771	903.065	957.811
1590	708.514	859.290	1000.792
1591	698.171	886.484	984.924
1592	743.029	849.806	985.641
1593	775.171	838.484	998.943
1594	878.771	867.516	1080.396
1595	1159.886	1199.355	1507.453
1596	1142.800	1355.452	1551.698
1597	1065.600	1201.742	1504.849
1598	974.200	1186.581	1449.792
1599	1043.400	1466.097	1699.943
1600	1150.400	1706.194	1858.604
1601	1193.543	1872.935	1755.906
1602	1128.029	1813.677	1621.170
1603	1101.200	1909.871	1480.528
1604	996.657	1797.161	1374.340
1605	964.343	1747.710	1260.887
1606	945.086	1722.968	1301.792
1607	948.057	1665.484	1498.887
1608	968.971	1757.290	1487.943
1609	1059.857	2001.774	1468.717
1610	1022.829	1854.387	1368.811
1611	957.943	1634.161	1261.472
1612	869.657	1473.097	1179.736
1613	837.000	1332.903	1109.019
1614	785.943	1235.226	1063.208
1615	755.086	1099.452	1007.698
1616	731.314	1081.968	985.245
1617	714.886	1046.290	982.000
1618	701.800	1007.516	968.302
1619	748.514	948.903	978.113
1620	725.829	909.419	972.868
1621	729.229	919.452	1025.755
1622	724.114	901.871	1034.038
1623	732.286	879.903	1034.283
1624	806.486	902.097	1040.774
1625	1082.743	966.710	1216.453
1626	1143.514	988.935	1257.679
1627	1076.343	959.097	1232.377
1628	1124.171	935.645	1194.132
1629	1119.914	946.323	1210.792
1630	1093.857	931.516	1149.736
1631	1011.171	901.484	1121.887
1632	950.171	844.968	1087.887
1633	858.371	807.968	1043.849
1634	893.886	823.226	996.019
1635	885.829	820.968	1016.774
1636	891.200	851.581	1037.038
1637	1107.400	899.710	1078.491
1638	1167.600	880.129	1039.509
1639	1219.171	821.774	1034.340
1640	1082.171	842.548	1032.981
1641	1013.971	870.774	994.226
1642	977.143	912.484	947.226
1643	1054.571	911.226	955.528
1644	972.429	902.226	949.208
1645	980.657	889.258	984.830
1646	939.457	972.645	1017.755
1647	907.514	1021.710	1398.660
1648	851.314	1039.355	1762.245
1649	846.429	1115.000	1968.566
1650	833.200	1105.806	1917.811
1651	756.371	1020.452	1752.679
1652	755.400	959.161	1615.849
1653	748.314	1045.000	1659.283
1654	813.743	1008.226	1724.566
1655	1178.486	1049.548	1709.736
1656	1384.971	1043.645	1673.113
1657	1449.457	1011.000	1563.283
1658	1432.829	954.355	1464.094
1659	1712.143	977.032	1467.245
1660	1757.200	972.419	1405.660
1661	1740.771	981.548	1432.811
1662	1763.200	1020.194	1360.340
1663	2047.429	1067.613	1348.453
1664	2083.428	1094.613	1350.283
1665	2028.686	1075.484	1409.660
1666	2051.800	1109.355	1498.962
1667	2020.543	1140.935	1522.151
1668	1912.514	1103.806	1508.321
1669	1812.600	1241.484	1466.359
1670	1958.314	1608.806	1685.660
1671	1978.657	1394.290	1580.415
1672	1761.743	1343.419	1452.509
1673	1617.429	1282.097	1397.396
1674	1333.114	1117.677	1308.660
1675	1211.886	1032.452	1226.830
1676	1141.943	1025.226	1187.491
1677	1033.171	939.290	1162.906
1678	909.943	886.613	1104.604
1679	868.143	852.548	1085.717
1680	824.314	841.194	1042.679
1681	800.086	836.871	986.755
1682	775.114	824.194	963.245
1683	743.800	790.419	939.717
1684	726.400	803.065	945.038
1685	812.971	864.226	1031.094
1686	863.171	925.065	1111.302
1687	849.600	904.871	1128.811
1688	841.286	854.806	1091.679
1689	779.800	804.677	1049.132
1690	747.314	788.387	1027.755
1691	754.571	813.645	1003.755
1692	750.200	829.903	1008.453
1693	752.314	793.290	990.717
1694	811.457	838.452	1018.906
1695	831.314	839.065	1008.113
1696	830.886	835.581	994.283
1697	878.829	817.645	1000.359
1698	876.629	800.516	964.679
1699	868.543	834.581	964.132
1700	870.143	828.774	984.981
1701	918.143	921.419	978.208
1702	996.200	847.097	954.208
1703	920.857	870.581	913.792
1704	835.914	831.839	922.113
1705	784.514	800.774	890.547
1706	753.429	815.355	878.038
1707	772.086	817.129	886.283
1708	828.457	834.355	884.924
1709	830.086	786.161	894.849
1710	830.914	827.258	903.076
1711	849.743	813.581	899.698
1712	812.971	788.065	906.170
1713	769.600	799.290	895.415
1714	795.029	847.581	890.623
1715	827.371	877.548	996.000
1716	962.286	1006.903	1046.000
1717	1049.971	1022.226	1033.113
1718	1019.400	1015.032	1009.528
1719	995.286	986.097	1005.509
1720	1057.771	1145.290	1025.094
1721	1038.714	1267.806	1049.925
1722	1009.171	1362.742	1022.528
1723	1023.600	1253.290	994.377
1724	948.914	1178.935	960.491
1725	972.600	1342.097	982.113
1726	944.143	1423.613	1001.736
1727	916.657	1323.258	997.924
1728	889.629	1376.677	995.679
1729	851.743	1326.387	993.434
1730	1003.743	1452.065	1011.906
1731	1203.114	1532.935	1034.906
1732	1260.029	1386.000	980.000
1733	1187.971	1233.774	922.019
1734	1064.629	1143.581	907.151
1735	960.771	1074.581	902.377
1736	914.314	1050.290	885.509
1737	839.571	981.065	890.151
1738	811.229	927.419	877.264
1739	781.143	920.290	881.641
1740	759.657	928.806	912.906
1741	905.314	941.581	964.396
1742	925.314	969.419	970.491
1743	905.771	929.419	957.302
1744	831.400	896.516	943.698
1745	811.686	877.161	970.981
1746	838.800	1058.065	1002.170
1747	810.086	1146.419	1078.585
1748	790.371	1263.581	1050.038
1749	771.743	1188.065	1013.057
1750	770.229	1153.290	1020.491
1751	799.114	1264.452	1007.453
1752	798.800	1369.323	1003.566
1753	798.829	1467.258	1032.698
1754	792.229	1373.903	980.226
1755	749.057	1289.258	940.792
1756	797.371	1253.226	1001.491
1757	771.029	1269.323	980.226
1758	837.686	1389.839	1033.641
1759	863.686	1342.710	1081.208
1760	881.029	1540.516	1157.585
1761	939.114	1561.710	1183.925
1762	868.314	1392.613	1078.717
1763	825.857	1282.290	1053.189
1764	780.114	1194.968	994.830
1765	737.057	1097.258	936.340
1766	739.086	1037.387	934.396
1767	720.486	989.516	910.208
1768	742.771	950.581	929.170
1769	725.886	929.968	918.415
1770	732.971	909.097	958.302
1771	775.657	967.645	1087.981
1772	763.000	929.194	1075.019
1773	767.200	916.903	1089.906
1774	805.514	958.065	1104.755
1775	811.971	963.935	1124.075
1776	877.657	987.194	1109.849
1777	989.600	1046.774	1186.377
1778	996.543	1035.387	1214.528
1779	975.743	1087.742	1299.660
1780	911.829	1021.226	1240.491
1781	866.914	915.613	1176.434
1782	828.543	896.290	1137.981
1783	858.029	888.903	1122.094
1784	841.229	870.839	1074.868
1785	851.429	861.323	1077.302
1786	841.086	903.516	1078.283
1787	846.114	907.290	1118.208
1788	867.829	887.968	1092.925
1789	856.200	942.484	1120.641
1790	887.600	936.000	1159.698
1791	933.743	962.290	1203.132
1792	976.114	937.548	1137.623
1793	917.000	879.903	1066.189
1794	873.629	865.000	1013.208
1795	875.400	832.645	1014.981
1796	803.371	836.806	982.491
1797	806.657	831.419	957.019
1798	773.457	814.452	950.491
1799	772.971	809.806	942.151
1800	772.000	838.903	989.377
1801	794.943	829.194	993.076
1802	761.543	821.742	975.245
1803	743.800	797.065	948.981
1804	738.514	786.548	937.057
1805	722.686	815.387	926.811
1806	846.829	838.258	1012.887
1807	1083.086	939.484	1221.038
1808	1035.257	894.419	1194.151
1809	1009.429	930.516	1157.359
1810	920.343	876.935	1108.660
1811	880.971	860.419	1088.943
1812	842.114	824.387	1068.868
1813	866.771	811.484	1026.660
1814	914.886	893.290	1100.641
1815	1093.571	983.484	1194.151
1816	1164.314	1001.323	1217.019
1817	1101.314	972.806	1213.057
1818	1042.114	963.161	1181.453
1819	945.400	973.742	1163.717
1820	941.000	912.484	1138.887
1821	975.143	984.161	1205.075
1822	1237.229	1055.065	1208.943
1823	1296.800	962.387	1142.019
1824	1118.029	906.935	1075.585
1825	1040.229	846.806	1035.604
1826	931.229	839.774	999.057
1827	878.457	812.903	989.057
1828	840.229	794.774	970.283
1829	792.771	810.806	974.906
1830	765.200	800.387	970.151
1831	776.943	791.968	997.396
1832	752.171	781.806	954.340
1833	741.257	792.710	947.509
1834	753.143	795.032	966.528
1835	784.743	805.194	941.019
1836	879.457	834.000	995.604
1837	1577.114	1007.516	1142.698
1838	1602.571	994.226	1111.906
1839	1421.686	953.194	1115.868
1840	1550.457	938.677	1130.264
1841	1529.771	904.677	1133.113
1842	1362.771	930.226	1106.094
1843	1255.571	884.613	1069.019
1844	1273.457	915.806	1068.962
1845	1494.171	935.097	1136.245
1846	1420.886	951.903	1119.340
1847	1290.743	930.903	1118.453
1848	1236.943	924.258	1094.094
1849	1197.914	899.774	1068.792
1850	1192.314	894.903	1046.736
1851	1315.429	918.871	1079.113
1852	1506.971	1039.065	1129.660
1853	1457.943	988.903	1048.868
1854	1293.543	895.000	979.679
1855	1176.343	889.065	950.396
1856	1034.114	861.710	936.321
1857	984.314	838.968	927.660
1858	903.286	863.226	937.981
1859	881.200	853.452	943.302
1860	824.314	844.871	929.415
1861	771.086	829.452	935.698
1862	761.371	838.129	942.528
1863	735.171	804.645	932.717
1864	747.771	827.323	940.811
1865	736.286	791.452	932.189
1866	741.143	818.355	931.830
1867	841.857	915.161	1095.868
1868	1022.829	939.419	1125.755
1869	975.829	936.935	1164.868
1870	922.771	925.129	1148.887
1871	939.857	953.000	1189.245
1872	905.914	922.935	1154.679
1873	942.829	914.452	1154.359
1874	933.457	883.968	1131.774
1875	937.143	862.516	1130.019
1876	915.543	906.000	1108.208
1877	899.286	890.806	1100.208
1878	1019.229	937.484	1228.849
1879	1274.800	960.516	1258.755
1880	1331.114	986.516	1256.283
1881	1192.400	899.516	1188.755
1882	1285.971	985.806	1153.321
1883	1473.971	1142.903	1096.868
1884	1335.171	1039.355	1013.509
1885	1206.543	1007.226	1022.434
1886	1146.229	937.677	987.094
1887	1281.143	998.032	1038.189
1888	1275.000	945.871	1035.151
1889	1154.571	943.097	1042.302
1890	1040.229	936.387	1049.566
1891	985.514	912.387	1068.660
1892	899.800	867.742	1016.641
1893	859.886	854.161	1002.491
1894	828.571	865.129	986.151
1895	866.314	863.387	1015.830
1896	825.429	871.323	1013.132
1897	890.171	953.742	1078.057
1898	1039.914	1040.226	1304.604
1899	1002.371	982.161	1296.075
1900	1043.943	887.774	1208.981
1901	1015.143	888.419	1134.472
1902	1020.286	912.355	1110.509
1903	1126.057	934.774	1282.604
1904	1177.686	907.323	1278.792
1905	1205.971	957.129	1323.340
1906	1226.800	1007.290	1349.962
1907	1119.429	909.065	1232.170
1908	1072.286	896.645	1165.302
1909	1595.486	979.323	1425.623
1910	1702.286	1075.290	1523.377
1911	1704.429	1005.903	1643.038
1912	1623.514	1035.645	1556.641
1913	1645.914	1151.419	1417.415
1914	1512.457	1053.323	1273.132
1915	1326.514	998.871	1145.302
1916	1192.229	984.710	1065.170
1917	1109.714	892.032	1022.641
1918	999.457	913.903	1003.528
1919	930.571	880.226	946.208
1920	864.971	868.355	928.264
1921	853.486	829.323	899.849
1922	786.143	808.387	898.472
1923	763.086	783.774	886.151
1924	732.629	792.903	942.604
1925	719.800	785.613	995.774
1926	721.657	814.194	957.151
1927	736.200	814.387	1029.736
1928	839.829	978.645	1240.736
1929	830.971	974.516	1239.094
1930	805.943	953.000	1284.623
1931	756.371	939.548	1167.340
1932	730.571	1021.355	1111.170
1933	766.771	1103.129	1191.359
1934	821.114	1218.000	1253.962
1935	825.000	1218.581	1367.698
1936	851.657	1150.032	1404.132
1937	812.800	1096.645	1425.377
1938	807.943	1075.806	1458.132
1939	785.314	994.806	1302.283
1940	763.086	955.968	1176.925
1941	744.943	908.742	1137.057
1942	779.857	979.742	1130.057
1943	1010.114	1167.226	1168.226
1944	1624.171	1201.161	1164.509
1945	1570.543	1073.258	1102.887
1946	1405.657	1043.419	1072.434
1947	1228.971	974.258	1026.811
1948	1188.257	914.742	992.641
1949	1125.971	865.516	954.208
1950	1031.000	894.548	931.434
1951	959.543	864.032	936.057
1952	895.657	803.645	939.811
1953	872.629	845.226	968.962
1954	893.571	867.323	1023.076
1955	883.686	873.032	1141.811
1956	849.771	854.516	1095.566
1957	823.600	833.032	1040.811
1958	827.543	855.032	1058.226
1959	947.514	1043.452	1241.377
1960	889.600	1078.355	1252.170
1961	1057.343	1361.935	1585.830
1962	1129.429	1274.065	1687.509
1963	1017.057	1125.387	1560.000
1964	904.771	1093.774	1408.849
1965	954.914	1399.839	1551.038
1966	930.143	1394.935	1461.094
1967	832.486	1324.774	1309.641
1968	794.829	1276.452	1204.774
1969	797.943	1227.581	1142.943
1970	805.857	1182.935	1153.623
1971	815.971	1223.452	1247.679
1972	812.457	1173.935	1198.962
1973	854.543	1375.452	1291.604
1974	961.229	1537.903	1226.774
1975	964.457	1424.194	1122.981
1976	992.400	1398.871	1110.736
1977	1244.457	2565.387	1327.019
1978	1327.600	3028.516	1458.981
1979	1461.086	3336.355	1443.170
1980	1405.429	3148.484	1416.792
1981	1410.057	2127.774	1519.641
1982	1325.057	1689.323	1548.698
1983	1231.886	1482.613	1537.359
1984	1302.657	2015.226	1444.528
1985	1229.086	2703.903	1380.623
1986	1218.686	2603.161	1337.245
1987	1169.457	2552.903	1341.623
1988	1362.629	2752.484	1541.887
1989	1556.200	2824.548	1690.415
1990	1638.743	2746.742	1790.849
1991	1583.771	2476.968	1777.736
1992	1422.914	2090.194	1801.641
1993	1359.229	1969.806	1737.698
1994	1400.629	1928.097	1740.717
1995	1471.257	1904.323	1991.377
1996	1492.714	1810.710	1946.434
1997	1466.429	1851.290	1908.302
1998	1516.600	1811.161	2039.170
1999	1588.286	1860.484	2062.000
2000	1638.600	2055.581	2126.642
2001	1815.114	2147.516	2137.868
2002	1639.857	2008.194	2165.566
2003	1720.571	2255.129	2324.038
2004	1603.543	2021.161	2293.660
2005	1513.914	1764.161	2088.849
2006	1352.457	1453.645	1844.396
2007	1171.543	1280.613	1669.113
2008	1022.657	1103.194	1575.264
2009	931.686	1077.097	1429.434
2010	885.943	969.194	1330.057
2011	819.914	895.097	1234.226
2012	789.943	923.871	1215.377
2013	788.343	865.290	1260.509
2014	770.086	894.903	1424.019
2015	802.829	928.742	1492.811
2016	886.886	949.677	1586.925
2017	951.114	963.548	1797.943
2018	1121.829	1010.806	1810.717
2019	1437.029	1103.226	1880.604
2020	1372.286	1086.258	1816.094
2021	1157.400	1025.226	1652.245
2022	1116.829	1011.581	1568.547
2023	1042.057	974.935	1501.491
2024	1000.114	956.065	1441.755
2025	919.143	900.097	1341.906
2026	891.000	868.839	1316.075
2027	920.886	871.677	1277.623
2028	924.114	886.903	1246.943
2029	949.486	826.452	1202.208
2030	938.771	852.548	1171.698
2031	932.457	859.387	1176.359
2032	908.400	847.935	1150.113
2033	925.286	907.452	1140.038
2034	1046.286	1269.161	1192.245
2035	1326.829	1326.065	1148.698
2036	1397.400	1175.032	1093.906
2037	1333.229	1040.871	1037.943
2038	1170.743	973.032	999.641
2039	1013.029	917.871	940.434
2040	925.600	883.452	936.472
2041	869.800	856.581	919.151
2042	839.771	837.258	914.981
2043	773.371	790.161	891.774
2044	746.086	763.290	874.302
2045	716.429	773.419	864.245
2046	685.029	766.000	864.924
2047	696.771	790.194	841.830
2048	704.171	781.032	868.528
2049	932.600	954.161	1109.698
2050	1073.657	1086.871	1224.811
2051	1168.400	1196.387	1247.925
2052	1125.657	1115.419	1314.453
2053	1036.943	1031.290	1271.057
2054	985.629	951.355	1241.302
2055	939.829	904.677	1214.660
2056	895.171	888.839	1242.736
2057	829.429	862.871	1193.925
2058	807.114	827.097	1133.943
2059	804.600	818.774	1111.038
2060	826.314	835.968	1163.585
2061	871.857	898.323	1159.679
2062	865.600	880.806	1171.509
2063	870.257	877.258	1124.528
2064	944.143	970.452	1172.302
2065	1077.429	1073.710	1180.434
2066	1054.857	1032.903	1117.906
2067	968.857	1007.903	1057.736
2068	924.543	951.839	1064.962
2069	839.086	932.161	1032.075
2070	828.714	902.129	1011.679
2071	780.143	876.613	1000.453
2072	770.543	848.161	999.717
2073	742.486	839.581	1042.679
2074	799.314	857.032	1039.698
2075	765.057	828.871	995.076
2076	744.971	805.452	977.019
2077	723.800	811.032	930.943
2078	702.029	794.258	922.981
2079	814.600	928.806	973.472
2080	877.629	1057.677	1114.623
2081	941.943	1036.677	1153.962
2082	1032.914	1379.452	1222.132
2083	1168.286	1746.290	1300.094
2084	1207.371	1666.226	1271.415
2085	1168.457	1559.935	1200.208
2086	1058.200	1404.194	1144.000
2087	979.200	1307.613	1098.679
2088	942.200	1302.000	1076.679
2089	902.314	1297.323	1069.340
2090	873.143	1206.935	1034.774
2091	844.229	1264.161	1052.868
2092	861.571	1295.323	1041.321
2093	864.429	1267.516	1061.245
2094	900.829	1333.000	1097.189
2095	929.029	1365.839	1160.849
2096	936.057	1436.323	1124.113
2097	856.057	1280.355	1038.415
2098	774.514	1160.000	1005.472
2099	774.743	1083.226	982.830
2100	730.600	1025.839	953.094
2101	728.486	997.161	958.094
2102	735.114	975.290	945.170
2103	719.286	935.290	930.604
2104	728.343	940.419	953.792
2105	727.514	893.548	923.981
2106	698.486	845.194	910.717
2107	706.514	810.387	910.132
2108	674.114	803.839	910.509
2109	730.257	821.677	941.698
2110	864.743	1146.323	1009.698
2111	941.314	1325.194	1072.792
2112	892.400	1334.806	1033.943
2113	858.829	1346.516	1053.075
2114	860.800	1340.581	1031.755
2115	848.143	1267.645	1009.698
2116	876.343	1184.968	1039.132
2117	843.943	1127.129	1078.321
2118	858.657	1092.484	1063.868
2119	842.286	1056.645	1077.717
2120	866.971	1030.452	1076.604
2121	875.086	993.161	1104.019
2122	832.086	956.355	1103.434
2123	851.143	953.613	1103.434
2124	855.114	974.645	1113.830
2125	924.571	1048.290	1169.528
2126	1054.400	1043.871	1120.736
2127	969.143	934.613	1055.962
2128	899.886	887.065	1015.151
2129	832.543	891.000	981.906
2130	808.600	853.065	954.359
2131	772.371	826.742	946.906
2132	770.114	800.935	921.057
2133	813.543	852.258	1035.566
2134	818.743	871.516	1062.887
2135	813.657	861.387	1037.434
2136	759.057	831.129	1023.547
2137	748.286	807.484	1006.264
2138	727.400	819.903	971.132
2139	739.800	822.323	968.585
2140	827.971	833.323	1050.226
2141	855.429	871.419	1051.925
2142	870.743	898.000	1077.509
2143	859.914	885.097	1097.038
2144	844.486	874.387	1114.113
2145	840.514	864.161	1111.925
2146	821.029	868.903	1099.321
2147	816.171	870.548	1096.660
2148	874.429	874.645	1110.321
2149	878.829	932.871	1179.604
2150	858.371	897.161	1157.208
2151	921.286	945.097	1169.698
2152	939.086	1001.516	1276.434
2153	951.800	986.710	1378.943
2154	926.600	960.742	1294.245
2155	931.771	925.129	1326.830
2156	1010.829	952.645	1276.566
2157	985.029	901.710	1195.302
2158	925.629	886.097	1120.075
2159	856.686	823.903	1070.377
2160	819.429	840.258	1013.981
2161	811.771	807.000	981.943
2162	785.200	800.613	999.717
2163	759.114	795.355	1017.377
2164	753.000	793.161	991.868
2165	748.800	819.000	985.623
2166	770.971	790.097	999.283
2167	798.486	806.871	1011.396
2168	808.571	837.419	1044.321
2169	781.514	801.613	1007.509
2170	853.571	861.839	1077.377
2171	1024.086	994.968	1254.453
2172	990.743	926.871	1221.623
2173	946.657	942.452	1152.792
2174	1028.257	966.065	1184.189
2175	1050.286	995.935	1259.415
2176	1050.571	970.613	1250.811
2177	988.257	957.581	1260.000
2178	956.314	958.645	1220.641
2179	951.886	934.226	1230.849
2180	956.400	913.903	1216.566
2181	953.829	957.387	1182.226
2182	942.314	936.194	1184.604
2183	959.571	973.387	1265.208
2184	961.457	949.419	1236.113
